# Exported from Wings 3D 1.0.2
mtllib PlasticBench2.mtl
o cube1_sep5
#81 vertices, 81 faces
v -0.94057336 0.11753954 0.93952269
v -0.90176079 0.11753954 0.93952269
v -0.94057336 0.11753954 0.90071012
v -0.90176079 0.11753954 0.90071012
v -0.94057336 0.11753954 -0.94032373
v -0.90176079 0.11753954 -0.94032373
v -0.94057336 0.11753954 -0.90151116
v -0.90176079 0.11753954 -0.90151116
v -0.94057336 -0.36508431 0.90586833
v -0.94057336 -0.33142994 0.93952269
v -0.90176079 -0.36508431 0.90586833
v -0.90176079 -0.33142994 0.93952269
v -0.94057336 -0.32457571 0.86167389
v -0.94057336 -0.28553948 0.90071012
v -0.90176079 -0.32457571 0.86167389
v -0.90176079 -0.28553948 0.90071012
v -0.94057336 -0.36508431 -0.90666937
v -0.94057336 -0.33142994 -0.94032373
v -0.90176079 -0.36508431 -0.90666937
v -0.90176079 -0.33142994 -0.94032373
v -0.94057336 -0.32457571 -0.86247492
v -0.94057336 -0.28553948 -0.90151116
v -0.90176079 -0.32457571 -0.86247492
v -0.90176079 -0.28553948 -0.90151116
v -0.94274654 0.41738607 1.01976714
v -0.94274654 4.2061805e-2 1.01976714
v 0.97240065 4.2061805e-2 0.98098812
v 0.97240065 0.41738607 0.98098812
v -0.98582293 4.2061805e-2 0.97840060
v -0.98582293 0.41738607 0.97840060
v -1.02460196 0.41738607 -0.93674659
v -1.02460196 4.2061805e-2 -0.93674659
v -0.94360147 0.45589994 0.97754568
v 0.97154572 0.45589994 0.93876666
v 0.93276670 0.45589994 -0.97638053
v -0.98238049 0.45589994 -0.93760151
v -0.98323542 4.2061805e-2 -0.97982298
v -0.98323542 0.41738607 -0.97982298
v 0.93191178 0.41738607 -1.01860200
v 0.93191178 4.2061805e-2 -1.01860200
v 1.01376719 0.41738607 0.93791173
v 1.01376719 4.2061805e-2 0.93791173
v 0.97498817 4.2061805e-2 -0.97723546
v 0.97498817 0.41738607 -0.97723546
v 0.97154572 3.5479356e-3 0.93876666
v -0.94360147 3.5479356e-3 0.97754568
v -0.98238049 3.5479356e-3 -0.93760151
v 0.93276670 3.5479356e-3 -0.97638053
v 0.97154572 0.24288412 0.93876666
v -0.94360147 0.24288412 0.97754568
v -0.98238049 0.24288412 -0.93760151
v 0.93276670 0.24288412 -0.97638053
v -0.61336067 0.42141968 0.63365467
v 0.62765471 0.42141968 0.60852586
v 0.60252590 0.42141968 -0.63248952
v -0.63848948 0.42141968 -0.60736071
v -5.4173839e-3 0.40181326 5.8257250e-4
v 0.90920969 0.11753954 0.93952269
v 0.94802226 0.11753954 0.93952269
v 0.90920969 0.11753954 0.90071012
v 0.94802226 0.11753954 0.90071012
v 0.90920969 0.11753954 -0.94032373
v 0.94802226 0.11753954 -0.94032373
v 0.90920969 0.11753954 -0.90151116
v 0.94802226 0.11753954 -0.90151116
v 0.90920969 -0.36508431 0.90586833
v 0.90920969 -0.33142994 0.93952269
v 0.94802226 -0.36508431 0.90586833
v 0.94802226 -0.33142994 0.93952269
v 0.90920969 -0.32457571 0.86167389
v 0.90920969 -0.28553948 0.90071012
v 0.94802226 -0.32457571 0.86167389
v 0.94802226 -0.28553948 0.90071012
v 0.90920969 -0.36508431 -0.90666937
v 0.90920969 -0.33142994 -0.94032373
v 0.94802226 -0.36508431 -0.90666937
v 0.94802226 -0.33142994 -0.94032373
v 0.90920969 -0.32457571 -0.86247492
v 0.90920969 -0.28553948 -0.90151116
v 0.94802226 -0.32457571 -0.86247492
v 0.94802226 -0.28553948 -0.90151116
vt 0.0000000e+0 0.0000000e+0
vt 0.0000000e+0 2.7200464e-15
vt 0.0000000e+0 1.7902720e-2
vt 0.0000000e+0 2.0646672e-2
vt 0.0000000e+0 2.0646672e-2
vt 0.0000000e+0 4.1412323e-2
vt 0.0000000e+0 0.49007239
vt 0.0000000e+0 0.99028653
vt 1.1796120e-16 0.95858768
vt 1.1796120e-16 0.97935333
vt 1.1796120e-16 0.97935333
vt 1.1796120e-16 0.98209728
vt 1.1796120e-16 1.00000000
vt 1.1796120e-16 1.00000000
vt 9.7134653e-3 0.51057574
vt 9.7134653e-3 1.0361593e-2
vt 1.0361593e-2 0.50086227
vt 1.0575737e-2 0.49028653
vt 1.0575737e-2 0.49028653
vt 2.0289202e-2 1.0575737e-2
vt 2.0289202e-2 1.0575737e-2
vt 2.0503346e-2 0.0000000e+0
vt 2.0646672e-2 0.0000000e+0
vt 2.0646672e-2 2.7200464e-15
vt 2.0646672e-2 1.7902720e-2
vt 2.0646672e-2 2.0646672e-2
vt 2.0646672e-2 2.0646672e-2
vt 2.0646672e-2 4.1412323e-2
vt 2.0646672e-2 0.95858768
vt 2.0646672e-2 0.97935333
vt 2.0646672e-2 0.97935333
vt 2.0646672e-2 0.98209728
vt 2.0646672e-2 1.00000000
vt 2.0646672e-2 1.00000000
vt 2.0646672e-2 0.0000000e+0
vt 2.0646672e-2 1.4432899e-15
vt 2.0646672e-2 1.7902720e-2
vt 2.0646672e-2 2.0646672e-2
vt 2.0646672e-2 2.0646672e-2
vt 2.0646672e-2 4.1412323e-2
vt 2.0646672e-2 0.95858768
vt 2.0646672e-2 0.97935333
vt 2.0646672e-2 0.97935333
vt 2.0646672e-2 0.98209728
vt 2.0646672e-2 1.00000000
vt 2.0646672e-2 1.00000000
vt 4.1293344e-2 0.0000000e+0
vt 4.1293344e-2 1.4432899e-15
vt 4.1293344e-2 1.7902720e-2
vt 4.1293344e-2 2.0646672e-2
vt 4.1293344e-2 2.0646672e-2
vt 4.1293344e-2 4.1412323e-2
vt 4.1293344e-2 0.95858768
vt 4.1293344e-2 0.97935333
vt 4.1293344e-2 0.97935333
vt 4.1293344e-2 0.98209728
vt 4.1293344e-2 1.00000000
vt 4.1293344e-2 1.00000000
vt 4.1293344e-2 0.0000000e+0
vt 4.1293344e-2 2.0646672e-2
vt 4.1293344e-2 2.0646672e-2
vt 4.1293344e-2 4.1293344e-2
vt 4.1293344e-2 4.1293344e-2
vt 4.1293344e-2 6.1940017e-2
vt 4.1293344e-2 8.2586689e-2
vt 6.1940017e-2 0.0000000e+0
vt 6.1940017e-2 2.0646672e-2
vt 6.1940017e-2 2.0646672e-2
vt 6.1940017e-2 4.1293344e-2
vt 6.1940017e-2 4.1293344e-2
vt 6.1940017e-2 6.1940017e-2
vt 6.1940017e-2 8.2586689e-2
vt 9.6714407e-2 0.40756700
vt 0.10300873 9.6714407e-2
vt 0.25528787 0.25528787
vt 0.40756700 0.41386133
vt 0.41386133 0.10300873
vt 0.47971080 1.00000000
vt 0.48942426 0.52028920
vt 0.49007239 0.51057574
vt 0.49028653 0.50000000
vt 0.49028653 0.50000000
vt 0.50000000 2.0289202e-2
vt 0.50000000 2.0289202e-2
vt 0.50021414 9.7134653e-3
vt 0.50021414 9.7134653e-3
vt 0.50086227 0.50021414
vt 0.51057574 9.7134653e-3
vt 0.51057574 2.0503346e-2
vt 0.51057574 2.0503346e-2
vt 0.52028920 0.48942426
vt 0.99028653 0.0000000e+0
vt 1.00000000 0.47971080
vn -0.73450956 -0.62694312 0.25968834
vn -0.73450956 -0.25968834 0.62694312
vn 0.73450956 -0.62694312 0.25968834
vn 0.73450956 -0.25968834 0.62694312
vn -0.73450956 0.62694312 -0.25968834
vn -0.73450956 0.25968834 -0.62694312
vn 0.73450956 0.62694312 -0.25968834
vn 0.73450956 0.25968834 -0.62694312
vn -0.73450956 -0.62694312 -0.25968834
vn -0.73450956 -0.25968834 -0.62694312
vn 0.73450956 -0.62694312 -0.25968834
vn 0.73450956 -0.25968834 -0.62694312
vn -0.73450956 0.62694312 0.25968834
vn -0.73450956 0.25968834 0.62694312
vn 0.73450956 0.62694312 0.25968834
vn 0.73450956 0.25968834 0.62694312
vn -0.34715048 0.38901544 0.85331913
vn -0.34715048 -0.38901544 0.85331913
vn 0.38140877 -0.38901544 0.83856683
vn 0.38140877 0.38901544 0.83856683
vn -0.83856683 -0.38901544 0.38140877
vn -0.83856683 0.38901544 0.38140877
vn -0.85331913 0.38901544 -0.34715048
vn -0.85331913 -0.38901544 -0.34715048
vn -0.25278454 0.93102539 0.26323317
vn 0.26323317 0.93102539 0.25278454
vn 0.25278454 0.93102539 -0.26323317
vn -0.26323317 0.93102539 -0.25278454
vn -0.38140877 -0.38901544 -0.83856683
vn -0.38140877 0.38901544 -0.83856683
vn 0.34715048 0.38901544 -0.85331913
vn 0.34715048 -0.38901544 -0.85331913
vn 0.85331913 0.38901544 0.34715048
vn 0.85331913 -0.38901544 0.34715048
vn 0.83856683 -0.38901544 -0.38140877
vn 0.83856683 0.38901544 -0.38140877
vn 3.2704715e-2 0.99888466 -3.4056536e-2
vn -3.4056536e-2 0.99888466 -3.2704715e-2
vn -3.2704715e-2 0.99888466 3.4056536e-2
vn 3.4056536e-2 0.99888466 3.2704715e-2
vn 2.2562655e-17 1.00000000 1.4183015e-17
vn -0.73450956 -0.62694312 0.25968834
vn -0.73450956 -0.25968834 0.62694312
vn 0.73450956 -0.62694312 0.25968834
vn 0.73450956 -0.25968834 0.62694312
vn -0.73450956 0.62694312 -0.25968834
vn -0.73450956 0.25968834 -0.62694312
vn 0.73450956 0.62694312 -0.25968834
vn 0.73450956 0.25968834 -0.62694312
vn -0.73450956 -0.62694312 -0.25968834
vn -0.73450956 -0.25968834 -0.62694312
vn 0.73450956 -0.62694312 -0.25968834
vn 0.73450956 -0.25968834 -0.62694312
vn -0.73450956 0.62694312 0.25968834
vn -0.73450956 0.25968834 0.62694312
vn 0.73450956 0.62694312 0.25968834
vn 0.73450956 0.25968834 0.62694312
vn -0.70710678 0.0000000e+0 0.70710678
vn 0.0000000e+0 1.00000000 0.0000000e+0
vn -0.70710678 0.0000000e+0 0.70710678
vn 0.70710678 0.0000000e+0 0.70710678
vn 0.0000000e+0 1.00000000 0.0000000e+0
vn 0.70710678 0.0000000e+0 0.70710678
vn 0.0000000e+0 1.00000000 0.0000000e+0
vn -0.70710678 0.0000000e+0 -0.70710678
vn -0.70710678 0.0000000e+0 -0.70710678
vn 0.0000000e+0 1.00000000 0.0000000e+0
vn 0.70710678 0.0000000e+0 -0.70710678
vn 0.70710678 0.0000000e+0 -0.70710678
vn -0.70710678 0.0000000e+0 -0.70710678
vn 0.0000000e+0 1.00000000 0.0000000e+0
vn -0.70710678 0.0000000e+0 -0.70710678
vn 0.70710678 0.0000000e+0 -0.70710678
vn 0.0000000e+0 1.00000000 0.0000000e+0
vn 0.70710678 0.0000000e+0 -0.70710678
vn 0.0000000e+0 1.00000000 0.0000000e+0
vn -0.70710678 0.0000000e+0 0.70710678
vn -0.70710678 0.0000000e+0 0.70710678
vn 0.0000000e+0 1.00000000 0.0000000e+0
vn 0.70710678 0.0000000e+0 0.70710678
vn 0.70710678 0.0000000e+0 0.70710678
vn 0.46193607 -0.76800644 0.44360024
vn 0.46193607 -0.76800644 0.44360024
vn 0.46193607 -0.76800644 0.44360024
vn -0.72127685 -1.7123624e-16 -0.69264689
vn -0.72127685 -1.7123624e-16 -0.69264689
vn -0.44360024 -0.76800644 0.46193607
vn -0.44360024 -0.76800644 0.46193607
vn -0.44360024 -0.76800644 0.46193607
vn 0.69264689 -1.7123624e-16 -0.72127685
vn 0.69264689 -1.7123624e-16 -0.72127685
vn -0.46193607 -0.76800644 -0.44360024
vn -0.46193607 -0.76800644 -0.44360024
vn -0.46193607 -0.76800644 -0.44360024
vn 0.72127685 -1.7123624e-16 0.69264689
vn 0.72127685 -1.7123624e-16 0.69264689
vn 0.44360024 -0.76800644 -0.46193607
vn 0.44360024 -0.76800644 -0.46193607
vn 0.44360024 -0.76800644 -0.46193607
vn -0.69264689 -1.7123624e-16 0.72127685
vn -0.69264689 -1.7123624e-16 0.72127685
vn 0.0000000e+0 -1.00000000 0.0000000e+0
vn -0.72127685 -1.7123624e-16 -0.69264689
vn -0.72127685 -1.7123624e-16 -0.69264689
vn 0.0000000e+0 -1.00000000 0.0000000e+0
vn 0.69264689 -1.7123624e-16 -0.72127685
vn 0.69264689 -1.7123624e-16 -0.72127685
vn 0.0000000e+0 -1.00000000 0.0000000e+0
vn 0.72127685 -1.7123624e-16 0.69264689
vn 0.72127685 -1.7123624e-16 0.69264689
vn 0.0000000e+0 -1.00000000 0.0000000e+0
vn -0.69264689 -1.7123624e-16 0.72127685
vn -0.69264689 -1.7123624e-16 0.72127685
vn -0.70710678 0.0000000e+0 0.70710678
vn 0.0000000e+0 1.00000000 0.0000000e+0
vn -0.70710678 0.0000000e+0 0.70710678
vn 0.70710678 0.0000000e+0 0.70710678
vn 0.0000000e+0 1.00000000 0.0000000e+0
vn 0.70710678 0.0000000e+0 0.70710678
vn 0.0000000e+0 1.00000000 0.0000000e+0
vn -0.70710678 0.0000000e+0 -0.70710678
vn -0.70710678 0.0000000e+0 -0.70710678
vn 0.0000000e+0 1.00000000 0.0000000e+0
vn 0.70710678 0.0000000e+0 -0.70710678
vn 0.70710678 0.0000000e+0 -0.70710678
vn -0.70710678 0.0000000e+0 -0.70710678
vn 0.0000000e+0 1.00000000 0.0000000e+0
vn -0.70710678 0.0000000e+0 -0.70710678
vn 0.70710678 0.0000000e+0 -0.70710678
vn 0.0000000e+0 1.00000000 0.0000000e+0
vn 0.70710678 0.0000000e+0 -0.70710678
vn 0.0000000e+0 1.00000000 0.0000000e+0
vn -0.70710678 0.0000000e+0 0.70710678
vn -0.70710678 0.0000000e+0 0.70710678
vn 0.0000000e+0 1.00000000 0.0000000e+0
vn 0.70710678 0.0000000e+0 0.70710678
vn 0.70710678 0.0000000e+0 0.70710678
g cube1_sep5_crveno
usemtl crveno
f 25/22/17 30/16/22 29/16/21 26/22/18
f 26/22/18 27/85/19 28/86/20 25/22/17
f 26/22/18 46/20/88 45/83/83 27/85/19
f 27/85/19 42/89/34 41/90/33 28/86/20
f 28/86/20 34/84/26 33/21/25 25/22/17
f 29/16/21 46/20/87 26/22/18
f 30/16/22 31/7/23 32/7/24 29/16/21
f 30/16/22 33/21/25 36/19/28 31/7/23
f 31/7/23 38/17/30 37/17/29 32/7/24
f 32/7/24 47/18/93 46/20/89 29/16/21
f 33/21/25 30/16/22 25/22/17
f 33/21/25 53/74/37 56/73/40 36/19/28
f 34/84/26 41/90/33 44/87/36 35/82/27
f 34/84/26 54/77/38 53/74/37 33/21/25
f 35/82/27 39/80/31 38/17/30 36/19/28
f 35/82/27 55/76/39 54/77/38 34/84/26
f 36/19/28 38/17/30 31/7/23
f 36/19/28 56/73/40 55/76/39 35/82/27
f 37/17/29 47/18/92 32/7/24
f 38/17/30 39/80/31 40/80/32 37/17/29
f 39/80/31 44/87/36 43/87/35 40/80/32
f 40/80/32 48/81/99 47/18/94 37/17/29
f 41/90/33 34/84/26 28/86/20
f 42/89/34 43/87/35 44/87/36 41/90/33
f 42/89/34 45/83/84 48/81/97 43/87/35
f 43/87/35 48/81/98 40/80/32
f 44/87/36 39/80/31 35/82/27
f 45/83/82 42/89/34 27/85/19
f 45/79/86 49/79/104 52/78/113 48/78/101
f 46/15/90 50/15/106 49/79/103 45/79/85
f 47/8/95 51/8/109 50/15/107 46/15/91
f 48/78/100 52/78/112 51/8/110 47/8/96
f 50/92/105 51/93/108 52/91/111 49/88/102
f 53/74/37 57/75/41 56/73/40
f 54/77/38 57/75/41 53/74/37
f 55/76/39 57/75/41 54/77/38
f 56/73/40 57/75/41 55/76/39
g cube1_sep5_metalgrey
usemtl metalgrey
f 1/23/58 10/24/2 12/2/4 2/1/61
f 2/68/62 4/69/67 3/62/64 1/61/59
f 3/26/66 14/27/6 10/24/2 1/23/60
f 4/4/68 16/5/8 14/27/6 3/26/65
f 5/33/70 6/13/73 20/14/12 18/34/10
f 5/60/71 7/59/76 8/66/79 6/67/74
f 7/30/77 22/31/14 24/11/16 8/10/80
f 8/10/81 24/11/16 20/14/12 6/13/75
f 9/25/1 11/3/3 12/2/4 10/24/2
f 9/25/1 13/28/5 21/29/13 17/32/9
f 10/24/2 14/27/6 13/28/5 9/25/1
f 11/3/3 15/6/7 16/5/8 12/2/4
f 12/2/4 16/5/8 4/4/69 2/1/63
f 13/28/5 15/6/7 23/9/15 21/29/13
f 14/27/6 16/5/8 15/6/7 13/28/5
f 17/32/9 19/12/11 11/3/3 9/25/1
f 17/32/9 21/29/13 22/31/14 18/34/10
f 18/34/10 22/31/14 7/30/78 5/33/72
f 19/12/11 17/32/9 18/34/10 20/14/12
f 19/12/11 23/9/15 15/6/7 11/3/3
f 20/14/12 24/11/16 23/9/15 19/12/11
f 24/11/16 22/31/14 21/29/13 23/9/15
f 58/48/114 67/47/43 69/35/45 59/36/117
f 59/71/118 61/72/123 60/65/120 58/64/115
f 60/51/122 71/50/47 67/47/43 58/48/116
f 61/39/124 73/38/49 71/50/47 60/51/121
f 62/58/126 63/46/129 77/45/53 75/57/51
f 62/64/127 64/63/132 65/70/135 63/71/130
f 64/55/133 79/54/55 81/42/57 65/43/136
f 65/43/137 81/42/57 77/45/53 63/46/131
f 66/49/42 68/37/44 69/35/45 67/47/43
f 66/49/42 70/52/46 78/53/54 74/56/50
f 67/47/43 71/50/47 70/52/46 66/49/42
f 68/37/44 72/40/48 73/38/49 69/35/45
f 69/35/45 73/38/49 61/39/125 59/36/119
f 70/52/46 72/40/48 80/41/56 78/53/54
f 71/50/47 73/38/49 72/40/48 70/52/46
f 74/56/50 76/44/52 68/37/44 66/49/42
f 74/56/50 78/53/54 79/54/55 75/57/51
f 75/57/51 79/54/55 64/55/134 62/58/128
f 76/44/52 74/56/50 75/57/51 77/45/53
f 76/44/52 80/41/56 72/40/48 68/37/44
f 77/45/53 81/42/57 80/41/56 76/44/52
f 81/42/57 79/54/55 78/53/54 80/41/56
